|                          |    Rouen |   Le Petit-Quevilly |   La Bouille |   Deville-les-Rouen |   Saint-Martin-du-Vivier |   Le Mesnil-Esnard |     Boos |   Saint-Etienne-du-Rouvray |   Oissel |   Grand-Couronne |   Quevillon |
|:-------------------------|---------:|--------------------:|-------------:|--------------------:|-------------------------:|-------------------:|---------:|---------------------------:|---------:|-----------------:|------------:|
| Rouen                    |  0       |             2.9635  |     15.4166  |             4.56163 |                  5.77172 |            4.55863 |  9.71972 |                    6.3816  | 10.9024  |         11.6556  |    10.5395  |
| Le Petit-Quevilly        |  2.9635  |             0       |     12.4535  |             5.16646 |                  8.72736 |            5.74585 | 10.8369  |                    5.00894 |  9.37258 |          8.87121 |     7.98157 |
| La Bouille               | 15.4166  |            12.4535  |      0       |            15.6664  |                 21.1655  |           16.5643  | 20.0424  |                   12.2147  | 12.0688  |          5.3836  |     7.66205 |
| Deville-les-Rouen        |  4.56163 |             5.16646 |     15.6664  |             0       |                  8.02675 |            9.11977 | 14.2503  |                   10.0852  | 14.5262  |         13.3161  |     8.98641 |
| Saint-Martin-du-Vivier   |  5.77172 |             8.72736 |     21.1655  |             8.02675 |                  0       |            6.53669 |  9.51526 |                   10.7874  | 14.8495  |         17.1313  |    16.0655  |
| Le Mesnil-Esnard         |  4.55863 |             5.74585 |     16.5643  |             9.11977 |                  6.53669 |            0       |  5.22316 |                    4.71524 |  8.35453 |         11.7538  |    13.5881  |
| Boos                     |  9.71972 |            10.8369  |     20.0424  |            14.2503  |                  9.51526 |            5.22316 |  0       |                    7.94299 |  9.14607 |         14.7671  |    18.3812  |
| Saint-Etienne-du-Rouvray |  6.3816  |             5.00894 |     12.2147  |            10.0852  |                 10.7874  |            4.71524 |  7.94299 |                    0       |  4.53205 |          7.14314 |    10.8962  |
| Oissel                   | 10.9024  |             9.37258 |     12.0688  |            14.5262  |                 14.8495  |            8.35453 |  9.14607 |                    4.53205 |  0       |          6.75139 |    13.4901  |
| Grand-Couronne           | 11.6556  |             8.87121 |      5.3836  |            13.3161  |                 17.1313  |           11.7538  | 14.7671  |                    7.14314 |  6.75139 |          0       |     8.25903 |
| Quevillon                | 10.5395  |             7.98157 |      7.66205 |             8.98641 |                 16.0655  |           13.5881  | 18.3812  |                   10.8962  | 13.4901  |          8.25903 |     0       |