|                              |    Rouen |   Le Petit-Quevilly |   Le Grand-Quevilly |   Petit-Couronne |   Canteleu |   Sahurs |   La Bouille |   Moulineaux |   Saint-Martin-de-Boscherville |   Hénouville |   Deville-les-Rouen |   Bois-Guillaume |   Saint-Martin-du-Vivier |   Bonsecours |   Saint-Aubin-Epinay |   Le Mesnil-Esnard |   Amfreville-la-Mi-Voie |   Franqueville-Saint-Pierre |   Belbeuf |     Boos |   Saint-Etienne-du-Rouvray |   Oissel |   Sotteville-les-Rouen |   Grand-Couronne |   Le Val Adam |   Quevillon |   Saint-Aubin-Celloville |
|:-----------------------------|---------:|--------------------:|--------------------:|-----------------:|-----------:|---------:|-------------:|-------------:|-------------------------------:|-------------:|--------------------:|-----------------:|-------------------------:|-------------:|---------------------:|-------------------:|------------------------:|----------------------------:|----------:|---------:|---------------------------:|---------:|-----------------------:|-----------------:|--------------:|------------:|-------------------------:|
| Rouen                        |  0       |             2.9635  |             4.87261 |          7.87036 |    4.41345 | 14.2018  |     15.4166  |     14.4315  |                        9.51863 |     10.7463  |             4.56163 |          3.8338  |                  5.77172 |      2.97436 |              6.52846 |            4.55863 |                 4.3155  |                     7.67432 |   6.81994 |  9.71972 |                    6.3816  | 10.9024  |                2.83088 |         11.6556  |      11.8607  |    10.5395  |                  9.52275 |
| Le Petit-Quevilly            |  2.9635  |             0       |             2.05042 |          5.11691 |    3.57986 | 11.239   |     12.4535  |     11.5328  |                        7.53886 |      9.70154 |             5.16646 |          6.67564 |                  8.72736 |      4.4932  |              8.49253 |            5.74585 |                 4.8452  |                     9.04784 |   7.08002 | 10.8369  |                    5.00894 |  9.37258 |                2.22571 |          8.87121 |       9.10525 |     7.98157 |                  9.50259 |
| Le Grand-Quevilly            |  4.87261 |             2.05042 |             0       |          3.06666 |    5.01168 |  9.4459  |     10.6618  |      9.5593  |                        7.59394 |     10.4255  |             6.96672 |          8.66972 |                 10.5359  |      5.57661 |              9.44701 |            6.43874 |                 5.28103 |                     9.57032 |   7.00074 | 11.0951  |                    3.97411 |  7.87638 |                2.97216 |          6.82963 |       8.02514 |     7.28612 |                  9.03932 |
| Petit-Couronne               |  7.87036 |             5.11691 |             3.06666 |          0       |    7.67513 |  6.99682 |      8.17768 |      6.67382 |                        8.59424 |     12.0517  |             9.82887 |         11.6958  |                 13.3882  |      7.96999 |             11.4598  |            8.38665 |                 7.11773 |                    11.0779  |   7.98275 | 12.1794  |                    4.2378  |  6.30214 |                5.52708 |          3.78529 |       7.19073 |     7.22449 |                  9.24377 |
| Canteleu                     |  4.41345 |             3.57986 |             5.01168 |          7.67513 |    0       | 12.21    |     13.3569  |     13.1511  |                        5.30483 |      6.40425 |             2.32999 |          6.52164 |                  9.29688 |      7.17919 |             10.9361  |            8.6893  |                 8.06379 |                    11.9496  |  10.4706  | 13.9117  |                    8.57037 | 12.8269  |                5.60047 |         11.0507  |       8.62672 |     6.94948 |                 13.0015  |
| Sahurs                       | 14.2018  |            11.239   |             9.4459  |          6.99682 |   12.21    |  0       |      1.21654 |      2.41309 |                        9.58015 |     13.3357  |            14.5278  |         17.8376  |                 19.9493  |     14.8733  |             18.4558  |           15.3809  |                14.1134  |                    18.0174  |  14.8256  | 18.9485  |                   11.0813  | 11.1905  |               12.3241  |          4.44278 |       5.05416 |     6.79578 |                 15.601   |
| La Bouille                   | 15.4166  |            12.4535  |            10.6618  |          8.17768 |   13.3569  |  1.21654 |      0       |      2.75099 |                       10.4756  |     14.1632  |            15.6664  |         19.0441  |                 21.1655  |     16.0783  |             19.6366  |           16.5643  |                15.2951  |                    19.1595  |  15.9459  | 20.0424  |                   12.2147  | 12.0688  |               13.5346  |          5.3836  |       5.82038 |     7.66205 |                 16.6271  |
| Moulineaux                   | 14.4315  |            11.5328  |             9.5593  |          6.67382 |   13.1511  |  2.41309 |      2.75099 |      0       |                       11.3488  |     15.1756  |            15.4771  |         18.2077  |                 20.046   |     14.6142  |             17.9012  |           14.8764  |                13.6092  |                    17.2024  |  13.92    | 17.8905  |                   10.2962  |  9.51905 |               12.2008  |          3.15664 |       7.14057 |     8.68333 |                 14.3067  |
| Saint-Martin-de-Boscherville |  9.51863 |             7.53886 |             7.59394 |          8.59424 |    5.30483 |  9.58015 |     10.4756  |     11.3488  |                        0       |      3.83788 |             6.90657 |         11.769   |                 14.5916  |     11.9347  |             15.8852  |           13.2763  |                12.3697  |                    16.5834  |  14.4619  | 18.3628  |                   11.5366  | 14.8461  |                9.74657 |         10.4965  |       4.72265 |     2.81789 |                 16.6293  |
| Hénouville                   | 10.7463  |             9.70154 |            10.4255  |         12.0517  |    6.40425 | 13.3357  |     14.1632  |     15.1756  |                        3.83788 |      0       |             6.74157 |         11.8024  |                 14.7326  |     13.5808  |             17.2642  |           15.0927  |                14.4256  |                    18.3514  |  16.7687  | 20.314   |                   14.3727  | 18.1288  |               11.8803  |         14.2828  |       8.3439  |     6.54172 |                 19.1921  |
| Deville-les-Rouen            |  4.56163 |             5.16646 |             6.96672 |          9.82887 |    2.32999 | 14.5278  |     15.6664  |     15.4771  |                        6.90657 |      6.74157 |             0       |          5.10075 |                  8.02675 |      7.53467 |             10.8102  |            9.11977 |                 8.80132 |                    12.1731  |  11.3058  | 14.2503  |                   10.0852  | 14.5262  |                6.71258 |         13.3161  |      10.7636  |     8.98641 |                 13.9718  |
| Bois-Guillaume               |  3.8338  |             6.67564 |             8.66972 |         11.6958  |    6.52164 | 17.8376  |     19.0441  |     18.2077  |                       11.769   |     11.8024  |             5.10075 |          0       |                  2.93078 |      5.37465 |              6.94354 |            6.65312 |                 7.08743 |                     8.79852 |   9.3141  | 10.9124  |                    9.93319 | 14.349   |                6.53156 |         15.4804  |      14.978   |    13.4161  |                 11.9687  |
| Saint-Martin-du-Vivier       |  5.77172 |             8.72736 |            10.5359  |         13.3882  |    9.29688 | 19.9493  |     21.1655  |     20.046   |                       14.5916  |     14.7326  |             8.02675 |          2.93078 |                  0       |      5.84417 |              5.48138 |            6.53669 |                 7.4266  |                     7.56028 |   9.10276 |  9.51526 |                   10.7874  | 14.8495  |                7.8884  |         17.1313  |      17.5224  |    16.0655  |                 11.4921  |
| Bonsecours                   |  2.97436 |             4.4932  |             5.57661 |          7.96999 |    7.17919 | 14.8733  |     16.0783  |     14.6142  |                       11.9347  |     13.5808  |             7.53467 |          5.37465 |                  5.84417 |      0       |              3.99961 |            1.5856  |                 1.7161  |                     4.77064 |   4.03742 |  6.76806 |                    4.94421 |  9.10813 |                2.60447 |         11.5692  |      13.4797  |    12.4611  |                  6.74993 |
| Saint-Aubin-Epinay           |  6.52846 |             8.49253 |             9.44701 |         11.4598  |   10.9361  | 18.4558  |     19.6366  |     17.9012  |                       15.8852  |     17.2642  |            10.8102  |          6.94354 |                  5.48138 |      3.99961 |              0       |            3.0779  |                 4.34251 |                     2.09199 |   4.54313 |  4.05955 |                    7.64244 | 10.664   |                6.51847 |         14.762   |      17.4335  |    16.4575  |                  6.36402 |
| Le Mesnil-Esnard             |  4.55863 |             5.74585 |             6.43874 |          8.38665 |    8.6893  | 15.3809  |     16.5643  |     14.8764  |                       13.2763  |     15.0927  |             9.11977 |          6.65312 |                  6.53669 |      1.5856  |              3.0779  |            0       |                 1.2716  |                     3.30976 |   2.67286 |  5.22316 |                    4.71524 |  8.35453 |                3.60387 |         11.7538  |      14.4594  |    13.5881  |                  5.31958 |
| Amfreville-la-Mi-Voie        |  4.3155  |             4.8452  |             5.28103 |          7.11773 |    8.06379 | 14.1134  |     15.2951  |     13.6092  |                       12.3697  |     14.4256  |             8.80132 |          7.08743 |                  7.4266  |      1.7161  |              4.34251 |            1.2716  |                 0       |                     4.30193 |   2.50843 |  5.99391 |                    3.51    |  7.43845 |                2.62386 |         10.4915  |      13.3036  |    12.5102  |                  5.20757 |
| Franqueville-Saint-Pierre    |  7.67432 |             9.04784 |             9.57032 |         11.0779  |   11.9496  | 18.0174  |     19.1595  |     17.2024  |                       16.5834  |     18.3514  |            12.1731  |          8.79852 |                  7.56028 |      4.77064 |              2.09199 |            3.30976 |                 4.30193 |                     0       |   3.3076  |  2.12896 |                    6.9475  |  9.20047 |                6.87229 |         14.0463  |      17.5791  |    16.812   |                  4.46689 |
| Belbeuf                      |  6.81994 |             7.08002 |             7.00074 |          7.98275 |   10.4706  | 14.8256  |     15.9459  |     13.92    |                       14.4619  |     16.7687  |            11.3058  |          9.3141  |                  9.10276 |      4.03742 |              4.54313 |            2.67286 |                 2.50843 |                     3.3076  |   0       |  4.20914 |                    3.75798 |  6.12164 |                4.89003 |         10.7672  |      14.8082  |    14.2658  |                  2.71744 |
| Boos                         |  9.71972 |            10.8369  |            11.0951  |         12.1794  |   13.9117  | 18.9485  |     20.0424  |     17.8905  |                       18.3628  |     20.314   |            14.2503  |         10.9124  |                  9.51526 |      6.76806 |              4.05955 |            5.22316 |                 5.99391 |                     2.12896 |   4.20914 |  0       |                    7.94299 |  9.14607 |                8.61777 |         14.7671  |      18.9963  |    18.3812  |                  3.93965 |
| Saint-Etienne-du-Rouvray     |  6.3816  |             5.00894 |             3.97411 |          4.2378  |    8.57037 | 11.0813  |     12.2147  |     10.2962  |                       11.5366  |     14.3727  |            10.0852  |          9.93319 |                 10.7874  |      4.94421 |              7.64244 |            4.71524 |                 3.51    |                     6.9475  |   3.75798 |  7.94299 |                    0       |  4.53205 |                3.56769 |          7.14314 |      11.23    |    10.8962  |                  5.2035  |
| Oissel                       | 10.9024  |             9.37258 |             7.87638 |          6.30214 |   12.8269  | 11.1905  |     12.0688  |      9.51905 |                       14.8461  |     18.1288  |            14.5262  |         14.349   |                 14.8495  |      9.10813 |             10.664   |            8.35453 |                 7.43845 |                     9.20047 |   6.12164 |  9.14607 |                    4.53205 |  0       |                8.099   |          6.75139 |      13.2041  |    13.4901  |                  5.23129 |
| Sotteville-les-Rouen         |  2.83088 |             2.22571 |             2.97216 |          5.52708 |    5.60047 | 12.3241  |     13.5346  |     12.2008  |                        9.74657 |     11.8803  |             6.71258 |          6.53156 |                  7.8884  |      2.60447 |              6.51847 |            3.60387 |                 2.62386 |                     6.87229 |   4.89003 |  8.61777 |                    3.56769 |  8.099   |                0       |          9.24478 |      10.9151  |     9.98725 |                  7.40471 |
| Grand-Couronne               | 11.6556  |             8.87121 |             6.82963 |          3.78529 |   11.0507  |  4.44278 |      5.3836  |      3.15664 |                       10.4965  |     14.2828  |            13.3161  |         15.4804  |                 17.1313  |     11.5692  |             14.762   |           11.7538  |                10.4915  |                    14.0463  |  10.7672  | 14.7671  |                    7.14314 |  6.75139 |                9.24478 |          0       |       7.29726 |     8.25903 |                 11.26    |
| Le Val Adam                  | 11.8607  |             9.10525 |             8.02514 |          7.19073 |    8.62672 |  5.05416 |      5.82038 |      7.14057 |                        4.72265 |      8.3439  |            10.7636  |         14.978   |                 17.5224  |     13.4797  |             17.4335  |           14.4594  |                13.3036  |                    17.5791  |  14.8082  | 18.9963  |                   11.23    | 13.2041  |               10.9151  |          7.29726 |       0       |     1.92595 |                 16.3833  |
| Quevillon                    | 10.5395  |             7.98157 |             7.28612 |          7.22449 |    6.94948 |  6.79578 |      7.66205 |      8.68333 |                        2.81789 |      6.54172 |             8.98641 |         13.4161  |                 16.0655  |     12.4611  |             16.4575  |           13.5881  |                12.5102  |                    16.812   |  14.2658  | 18.3812  |                   10.8962  | 13.4901  |                9.98725 |          8.25903 |       1.92595 |     0       |                 16.0997  |
| Saint-Aubin-Celloville       |  9.52275 |             9.50259 |             9.03932 |          9.24377 |   13.0015  | 15.601   |     16.6271  |     14.3067  |                       16.6293  |     19.1921  |            13.9718  |         11.9687  |                 11.4921  |      6.74993 |              6.36402 |            5.31958 |                 5.20757 |                     4.46689 |   2.71744 |  3.93965 |                    5.2035  |  5.23129 |                7.40471 |         11.26    |      16.3833  |    16.0997  |                  0       |